0 48 18 59
0.41406779999999999 50 21 67
0.828125 51 24 74
1.24219279999999999 52 27 81
1.65625 53 30 88
2.07031780000000021 54 33 95
2.484375 55 36 102
2.89844280000000021 56 39 109
3.3125 57 42 115
3.72656780000000021 58 45 121
4.140625 59 47 128
4.55469279999999976 60 50 134
4.96875 61 53 139
5.38281779999999976 62 56 145
5.796875 63 59 151
6.21094279999999976 63 62 156
6.625 64 64 162
7.03906779999999976 65 67 167
7.453125 65 70 172
7.86719279999999976 66 73 177
8.28125 66 75 181
8.69531779999999976 67 78 186
9.109375 68 81 191
9.52344279999999976 68 84 195
9.9375 68 86 199
10.35156779999999976 69 89 203
10.76567799999999941 69 92 207
11.17971399999999882 69 94 211
11.59375 70 97 214
12.00778600000000118 70 100 218
12.42192799999999941 70 102 221
12.83596399999999882 70 105 224
13.25 70 107 227
13.6640359999999994 71 110 230
14.07817799999999941 71 113 233
14.4922140000000006 71 115 235
14.90625 71 118 238
15.3202859999999994 71 120 240
15.73442799999999941 71 123 242
16.1484640000000006 70 125 244
16.5625 70 128 246
16.9765359999999994 70 130 248
17.39067799999999764 70 133 250
17.8047140000000006 70 135 251
18.21875 69 138 252
18.6327859999999994 69 140 253
19.04692799999999764 68 143 254
19.4609640000000006 67 145 254
19.875 66 148 255
20.2890359999999994 65 150 255
20.70317799999999764 64 153 255
21.1172140000000006 62 155 254
21.53125 61 158 254
21.9452859999999994 59 160 253
22.35942799999999764 58 163 252
22.7734640000000006 56 165 251
23.1875 55 168 250
23.6015359999999994 53 171 248
24.01567799999999764 51 173 247
24.4297140000000006 49 175 245
24.84375 47 178 244
25.2577859999999994 46 180 242
25.67192799999999764 44 183 240
26.0859640000000006 42 185 238
26.5 40 188 235
26.91403600000000296 39 190 233
27.32817800000000119 37 192 231
27.74221399999999704 35 195 228
28.15625 34 197 226
28.57028600000000296 32 199 223
28.98442800000000119 31 201 221
29.39846399999999704 30 203 218
29.8125 28 205 216
30.22653600000000296 27 208 213
30.64067800000000119 26 210 210
31.05471399999999704 26 212 208
31.46875 25 213 205
31.88278600000000296 24 215 202
32.29692800000000119 24 217 200
32.71096399999999704 24 219 197
33.125 24 221 194
33.53903600000000296 24 222 192
33.95317800000000119 24 224 189
34.36721399999999704 25 226 187
34.78125 25 227 185
35.19528600000000296 26 228 182
35.60942800000000119 28 230 180
36.02346399999999704 29 231 178
36.4375 31 233 175
36.85153600000000296 32 234 172
37.26567800000000119 34 235 170
37.67971399999999704 37 236 167
38.09375 39 238 164
38.50778600000000296 42 239 161
38.92192800000000119 44 240 158
39.33596399999999704 47 241 155
39.75 50 242 152
40.16403600000000296 53 243 148
40.57817800000000119 56 244 145
40.99221399999999704 60 245 142
41.40625 63 246 138
41.82028600000000296 67 247 135
42.23442800000000119 70 248 132
42.64846399999999704 74 248 128
43.0625 78 249 125
43.47653600000000296 82 250 122
43.89067800000000119 85 250 118
44.30471399999999704 89 251 115
44.71875 93 252 111
45.13278600000000296 97 252 108
45.54692800000000119 101 253 105
45.96096399999999704 105 253 102
46.375 109 254 98
46.78903600000000296 113 254 95
47.20317800000000119 117 254 92
47.61721399999999704 121 254 89
48.03125 125 255 86
48.44528600000000296 128 255 83
48.85942800000000119 132 255 81
49.27346399999999704 136 255 78
49.6875 139 255 75
50.10153600000000296 143 255 73
50.51567800000000119 146 255 71
50.92971399999999704 150 254 68
51.34375 153 254 66
51.75778600000000296 156 254 64
52.17192800000000119 159 253 63
52.58596399999999704 161 253 61
53 164 252 60
53.41403599999999585 167 252 58
53.82817799999999409 169 251 57
54.24221400000000415 172 251 56
54.65625 175 250 55
55.07028599999999585 177 249 54
55.48442799999999409 180 248 54
55.89846400000000415 183 247 53
56.3125 185 246 53
56.72653599999999585 188 245 52
57.14067799999999409 190 244 52
57.55471400000000415 193 243 52
57.96875 195 241 52
58.38278599999999585 198 240 52
58.79692799999999409 200 239 52
59.21096400000000415 203 237 52
59.625 205 236 52
60.03903599999999585 208 234 52
60.45317799999999409 210 233 53
60.86721400000000415 212 231 53
61.28125 215 229 53
61.69528599999999585 217 228 54
62.10942799999999409 219 226 54
62.52346400000000415 221 224 55
62.9375 223 223 55
63.35153599999999585 225 221 55
63.76567799999999409 227 219 56
64.17971400000000415 229 217 56
64.59375 231 215 57
65.00778599999999585 233 213 57
65.42192799999999409 235 211 57
65.83596400000000415 236 209 58
66.25 238 207 58
66.66403599999999585 239 205 58
67.07817799999999409 241 203 58
67.49221400000000415 242 201 58
67.90625 244 199 58
68.32028599999999585 245 197 58
68.73442799999999409 246 195 58
69.14846400000000415 247 193 58
69.5625 248 190 57
69.97653599999999585 249 188 57
70.39067799999999409 250 186 57
70.80471400000000415 251 184 56
71.21875 251 182 55
71.63278599999999585 252 179 54
72.04692799999999409 252 177 54
72.46096400000000415 253 174 53
72.875 253 172 52
73.28903599999999585 254 169 51
73.70317799999999409 254 167 50
74.11721400000000415 254 164 49
74.53125 254 161 48
74.94528599999999585 254 158 47
75.35942799999999409 254 155 45
75.77346400000000415 254 153 44
76.1875 254 150 43
76.60153599999999585 254 147 42
77.01567799999999409 254 144 41
77.42971400000000415 253 141 39
77.84375 253 138 38
78.25778599999999585 252 135 37
78.67192799999999409 252 132 35
79.08596400000000415 251 129 34
79.5 251 126 33
79.91403599999999585 250 123 31
80.32817799999999409 249 120 30
80.74221400000000415 249 117 29
81.15625 248 114 28
81.57028599999999585 247 111 26
81.98442799999999409 246 108 25
82.39846400000000415 245 105 24
82.8125 244 102 23
83.22653599999999585 243 99 21
83.64067799999999409 242 96 20
84.05471400000000415 241 93 19
84.46875 240 91 18
84.88278599999999585 239 88 17
85.29692799999999409 237 85 16
85.71096400000000415 236 83 15
86.125 235 80 14
86.53903599999999585 234 78 13
86.95317799999999409 232 75 12
87.36721400000000415 231 73 12
87.78125 229 71 11
88.19528599999999585 228 69 10
88.60942799999999409 226 67 10
89.02346400000000415 225 65 9
89.4375 223 63 8
89.85153599999999585 221 61 8
90.26567799999999409 220 59 7
90.67971400000000415 218 57 7
91.09375 216 55 6
91.50778599999999585 214 53 6
91.92192799999999409 212 51 5
92.33596400000000415 210 49 5
92.75 208 47 5
93.16403599999999585 206 45 4
93.57817799999999409 204 43 4
93.99221400000000415 202 42 4
94.40625 200 40 3
94.82028599999999585 197 38 3
95.23442799999999409 195 37 3
95.64846400000000415 193 35 2
96.0625 190 33 2
96.47653599999999585 188 32 2
96.89067799999999409 185 30 2
97.30471400000000415 183 29 2
97.71875 180 27 1
98.13278599999999585 178 26 1
98.54692799999999409 175 24 1
98.96096400000000415 172 23 1
99.375 169 22 1
99.78903599999999585 167 20 1
100.20317799999999409 164 19 1
100.61721400000000415 161 18 1
101.03125 158 16 1
101.44528599999999585 155 15 1
101.85942799999999409 152 14 1
102.27346400000000415 149 13 1
102.6875 146 11 1
103.10153599999999585 142 10 1
103.51567799999999409 139 9 2
103.92971400000000415 136 8 2
104.34375 133 7 2
104.75778599999999585 129 6 2
106 122 4 3